0 0 0 34
0 0 1 34
0 0 2 34
0 0 3 34
0 0 4 34
0 0 5 34
0 0 6 34
0 0 7 34
3 0 7 18
0 3 7 18
0 0 8 34
3 0 8 18
2 2 8 18
0 3 8 18
0 0 9 34
1 0 9 18
3 0 9 18
0 1 9 18
2 2 9 18
0 3 9 18
0 0 10 34
1 0 10 18
2 0 10 18
3 0 10 18
0 1 10 18
1 1 10 18
2 1 10 18
0 2 10 18
1 2 10 18
2 2 10 18
0 3 10 18
0 0 11 34
1 0 11 34
2 0 11 34
3 0 11 18
0 1 11 34
1 1 11 18
2 1 11 18
0 2 11 34
1 2 11 18
0 3 11 18
0 0 12 34
1 0 12 34
2 0 12 18
3 0 12 18
0 1 12 34
1 1 12 18
0 2 12 18
0 3 12 18
0 0 13 18
1 0 13 18
2 0 13 18
0 1 13 18
0 2 13 18
0 -3 7 18
0 -3 8 18
2 -2 8 18
0 -3 9 18
2 -2 9 18
0 -1 9 18
0 -3 10 18
0 -2 10 18
1 -2 10 18
2 -2 10 18
0 -1 10 18
1 -1 10 18
2 -1 10 18
0 -3 11 18
0 -2 11 34
1 -2 11 18
0 -1 11 34
1 -1 11 18
2 -1 11 18
0 -3 12 18
0 -2 12 18
0 -1 12 34
1 -1 12 18
0 -2 13 18
0 -1 13 18
-3 0 7 18
-3 0 8 18
-2 2 8 18
-3 0 9 18
-1 0 9 18
-2 2 9 18
-3 0 10 18
-2 0 10 18
-1 0 10 18
-2 1 10 18
-1 1 10 18
-2 2 10 18
-1 2 10 18
-3 0 11 18
-2 0 11 34
-1 0 11 34
-2 1 11 18
-1 1 11 18
-1 2 11 18
-3 0 12 18
-2 0 12 18
-1 0 12 34
-1 1 12 18
-2 0 13 18
-1 0 13 18
-2 -2 8 18
-2 -2 9 18
-2 -2 10 18
-1 -2 10 18
-2 -1 10 18
-1 -1 10 18
-1 -2 11 18
-2 -1 11 18
-1 -1 11 18
-1 -1 12 18