-1 -1 3 21
0 -3 3 21
0 -2 3 21
0 -1 3 21
1 -1 3 21
0 -2 4 21
0 -1 4 21
0 -2 8 21
0 -1 8 21
0 -1 9 21
0 -1 13 21
-3 0 3 21
-2 0 3 21
-1 0 3 21
-1 1 3 21
-2 0 4 21
-1 0 4 21
-2 0 8 21
-1 0 8 21
-1 0 9 21
-1 0 13 21
0 0 0 37
0 0 1 37
0 0 2 37
0 0 3 37
1 0 3 21
2 0 3 21
3 0 3 21
0 1 3 21
1 1 3 21
0 2 3 21
0 3 3 21
0 0 4 37
1 0 4 21
2 0 4 21
0 1 4 21
0 2 4 21
0 0 5 37
0 0 6 37
0 0 7 37
0 0 8 37
1 0 8 21
2 0 8 21
0 1 8 21
0 2 8 21
0 0 9 37
1 0 9 21
0 1 9 21
0 0 10 37
0 0 11 37
0 0 12 37
0 0 13 37
1 0 13 21
0 1 13 21
0 0 14 21