-1 -2 10 33
-2 -1 10 33
-1 -1 10 33
-2 -2 11 33
-1 -2 11 33
-2 -1 11 33
-1 -1 11 33
-1 -3 12 33
-2 -2 12 33
-1 -2 12 33
-3 -1 12 33
-2 -1 12 33
-1 -1 12 33
-2 -2 13 33
-1 -2 13 33
-2 -1 13 33
-1 -1 13 33
-1 -2 14 33
-2 -1 14 33
-1 -1 14 33
0 -1 9 33
0 -2 10 33
1 -2 10 33
0 -1 10 38
1 -1 10 33
2 -1 10 33
0 -3 11 33
0 -2 11 38
1 -2 11 33
2 -2 11 33
0 -1 11 33
1 -1 11 33
2 -1 11 33
0 -3 12 33
1 -3 12 33
0 -2 12 38
1 -2 12 33
2 -2 12 33
0 -1 12 33
1 -1 12 33
2 -1 12 33
3 -1 12 33
0 -3 13 33
0 -2 13 33
1 -2 13 33
2 -2 13 33
0 -1 13 33
1 -1 13 33
2 -1 13 33
0 -2 14 33
1 -2 14 33
0 -1 14 33
1 -1 14 33
2 -1 14 33
0 -1 15 33
-1 1 4 33
-1 0 9 33
-2 0 10 33
-1 0 10 38
-2 1 10 33
-1 1 10 33
-1 2 10 33
-3 0 11 33
-2 0 11 38
-1 0 11 33
-2 1 11 33
-1 1 11 33
-2 2 11 33
-1 2 11 33
-3 0 12 33
-2 0 12 38
-1 0 12 33
-3 1 12 33
-2 1 12 33
-1 1 12 33
-2 2 12 33
-1 2 12 33
-1 3 12 33
-3 0 13 33
-2 0 13 33
-1 0 13 33
-2 1 13 33
-1 1 13 33
-2 2 13 33
-1 2 13 33
-2 0 14 33
-1 0 14 33
-2 1 14 33
-1 1 14 33
-1 2 14 33
-1 0 15 33
0 0 0 38
0 0 1 38
0 0 2 38
0 0 3 38
0 0 4 38
0 1 4 38
1 1 4 33
0 2 4 33
0 0 5 38
0 1 5 33
0 0 6 38
0 0 7 38
0 0 8 38
0 0 9 38
1 0 9 33
0 1 9 33
0 0 10 38
1 0 10 38
2 0 10 33
0 1 10 38
1 1 10 33
2 1 10 33
0 2 10 33
1 2 10 33
0 0 11 38
1 0 11 33
2 0 11 38
3 0 11 33
0 1 11 33
1 1 11 33
2 1 11 33
0 2 11 38
1 2 11 33
2 2 11 33
0 3 11 33
0 0 12 38
1 0 12 33
2 0 12 38
3 0 12 33
0 1 12 33
1 1 12 33
2 1 12 33
3 1 12 33
0 2 12 38
1 2 12 33
2 2 12 33
0 3 12 33
1 3 12 33
0 0 13 38
1 0 13 33
2 0 13 33
3 0 13 33
0 1 13 33
1 1 13 33
2 1 13 33
0 2 13 33
1 2 13 33
2 2 13 33
0 3 13 33
0 0 14 38
1 0 14 33
2 0 14 33
0 1 14 33
1 1 14 33
2 1 14 33
0 2 14 33
1 2 14 33
0 0 15 33
1 0 15 33
0 1 15 33