-1 -2 10 30
-2 -1 10 30
-1 -1 10 30
-2 -2 11 30
-1 -2 11 30
-2 -1 11 30
-1 -1 11 30
-1 -3 12 30
-2 -2 12 30
-1 -2 12 30
-3 -1 12 30
-2 -1 12 30
-1 -1 12 30
-2 -2 13 30
-1 -2 13 30
-2 -1 13 30
-1 -1 13 30
-1 -2 14 30
-2 -1 14 30
-1 -1 14 30
0 -1 9 30
0 -2 10 30
1 -2 10 30
0 -1 10 36
1 -1 10 30
2 -1 10 30
0 -3 11 30
0 -2 11 36
1 -2 11 30
2 -2 11 30
0 -1 11 30
1 -1 11 30
2 -1 11 30
0 -3 12 30
1 -3 12 30
0 -2 12 36
1 -2 12 30
2 -2 12 30
0 -1 12 30
1 -1 12 30
2 -1 12 30
3 -1 12 30
0 -3 13 30
0 -2 13 30
1 -2 13 30
2 -2 13 30
0 -1 13 30
1 -1 13 30
2 -1 13 30
0 -2 14 30
1 -2 14 30
0 -1 14 30
1 -1 14 30
2 -1 14 30
0 -1 15 30
-1 1 4 30
-1 0 9 30
-2 0 10 30
-1 0 10 36
-2 1 10 30
-1 1 10 30
-1 2 10 30
-3 0 11 30
-2 0 11 36
-1 0 11 30
-2 1 11 30
-1 1 11 30
-2 2 11 30
-1 2 11 30
-3 0 12 30
-2 0 12 36
-1 0 12 30
-3 1 12 30
-2 1 12 30
-1 1 12 30
-2 2 12 30
-1 2 12 30
-1 3 12 30
-3 0 13 30
-2 0 13 30
-1 0 13 30
-2 1 13 30
-1 1 13 30
-2 2 13 30
-1 2 13 30
-2 0 14 30
-1 0 14 30
-2 1 14 30
-1 1 14 30
-1 2 14 30
-1 0 15 30
0 0 0 36
0 0 1 36
0 0 2 36
0 0 3 36
0 0 4 36
0 1 4 36
1 1 4 30
0 2 4 30
0 0 5 36
0 1 5 30
0 0 6 36
0 0 7 36
0 0 8 36
0 0 9 36
1 0 9 30
0 1 9 30
0 0 10 36
1 0 10 36
2 0 10 30
0 1 10 36
1 1 10 30
2 1 10 30
0 2 10 30
1 2 10 30
0 0 11 36
1 0 11 30
2 0 11 36
3 0 11 30
0 1 11 30
1 1 11 30
2 1 11 30
0 2 11 36
1 2 11 30
2 2 11 30
0 3 11 30
0 0 12 36
1 0 12 30
2 0 12 36
3 0 12 30
0 1 12 30
1 1 12 30
2 1 12 30
3 1 12 30
0 2 12 36
1 2 12 30
2 2 12 30
0 3 12 30
1 3 12 30
0 0 13 36
1 0 13 30
2 0 13 30
3 0 13 30
0 1 13 30
1 1 13 30
2 1 13 30
0 2 13 30
1 2 13 30
2 2 13 30
0 3 13 30
0 0 14 36
1 0 14 30
2 0 14 30
0 1 14 30
1 1 14 30
2 1 14 30
0 2 14 30
1 2 14 30
0 0 15 30
1 0 15 30
0 1 15 30