-2 -2 12 39
-2 -2 13 39
-1 -1 13 39
-1 -1 14 39
0 -3 12 39
2 -2 12 39
0 -3 13 39
2 -2 13 39
1 -1 13 39
0 -3 14 39
0 -1 14 34
1 -1 14 39
0 -2 15 39
0 -1 15 39
-3 0 12 39
-2 2 12 39
-3 0 13 39
-1 1 13 39
-2 2 13 39
-3 0 14 39
-1 0 14 34
-1 1 14 39
-2 0 15 39
-1 0 15 39
0 0 0 34
0 0 1 34
0 0 2 34
0 0 3 34
0 0 4 34
0 0 5 34
0 0 6 34
0 0 7 34
0 0 8 34
0 0 9 34
0 0 10 34
0 0 11 34
0 0 12 34
3 0 12 39
2 2 12 39
0 3 12 39
0 0 13 34
3 0 13 39
1 1 13 39
2 2 13 39
0 3 13 39
0 0 14 34
1 0 14 34
3 0 14 39
0 1 14 34
1 1 14 39
0 3 14 39
1 0 15 39
2 0 15 39
0 1 15 39
0 2 15 39