-1 -1 3 29
-1 -1 4 55
-1 -1 9 55
0 -3 3 29
0 -2 3 29
0 -1 3 29
1 -1 3 29
0 -3 4 55
0 -2 4 29
0 -1 4 29
1 -1 4 55
0 -2 5 55
0 -1 5 55
0 -2 8 29
0 -1 8 29
0 -2 9 55
0 -1 9 29
1 -1 9 55
0 -1 10 55
0 -1 13 29
0 -1 14 55
-3 0 3 29
-2 0 3 29
-1 0 3 29
-1 1 3 29
-3 0 4 55
-2 0 4 29
-1 0 4 29
-1 1 4 55
-2 0 5 55
-1 0 5 55
-2 0 8 29
-1 0 8 29
-2 0 9 55
-1 0 9 29
-1 1 9 55
-1 0 10 55
-1 0 13 29
-1 0 14 55
0 0 0 45
0 0 1 45
0 0 2 45
0 0 3 45
1 0 3 29
2 0 3 29
3 0 3 29
0 1 3 29
1 1 3 29
0 2 3 29
0 3 3 29
0 0 4 45
1 0 4 29
2 0 4 29
3 0 4 55
0 1 4 29
1 1 4 55
0 2 4 29
0 3 4 55
0 0 5 45
1 0 5 55
2 0 5 55
0 1 5 55
0 2 5 55
0 0 6 45
0 0 7 45
0 0 8 45
1 0 8 29
2 0 8 29
0 1 8 29
0 2 8 29
0 0 9 45
1 0 9 29
2 0 9 55
0 1 9 29
1 1 9 55
0 2 9 55
0 0 10 45
1 0 10 55
0 1 10 55
0 0 11 45
0 0 12 45
0 0 13 45
1 0 13 29
0 1 13 29
0 0 14 29
1 0 14 55
0 1 14 55
0 0 15 55