-1 -2 11 55
-2 -1 11 55
-1 -1 11 55
-1 -2 12 55
-2 -1 12 55
-1 -1 12 55
-1 -1 13 55
1 -2 9 55
1 -2 10 55
0 -1 10 43
0 -3 11 55
0 -2 11 43
1 -2 11 55
0 -1 11 55
1 -1 11 55
2 -1 11 55
0 -3 12 55
0 -2 12 43
1 -2 12 55
0 -1 12 55
1 -1 12 55
2 -1 12 55
0 -2 13 55
0 -1 13 55
1 -1 13 55
0 -1 14 55
-2 1 9 55
-1 0 10 43
-2 1 10 55
-3 0 11 55
-2 0 11 43
-1 0 11 55
-2 1 11 55
-1 1 11 55
-1 2 11 55
-3 0 12 55
-2 0 12 43
-1 0 12 55
-2 1 12 55
-1 1 12 55
-1 2 12 55
-2 0 13 55
-1 0 13 55
-1 1 13 55
-1 0 14 55
0 0 0 43
0 0 1 43
0 0 2 43
0 0 3 43
0 0 4 43
0 1 4 43
0 0 5 43
0 1 5 55
0 0 6 43
0 0 7 43
0 0 8 43
0 0 9 43
2 1 9 55
0 0 10 43
1 0 10 43
0 1 10 43
2 1 10 55
0 0 11 43
1 0 11 55
2 0 11 43
3 0 11 55
0 1 11 55
1 1 11 55
2 1 11 55
0 2 11 43
1 2 11 55
0 3 11 55
0 0 12 43
1 0 12 55
2 0 12 43
3 0 12 55
0 1 12 55
1 1 12 55
2 1 12 55
0 2 12 43
1 2 12 55
0 3 12 55
0 0 13 43
1 0 13 55
2 0 13 55
0 1 13 55
1 1 13 55
0 2 13 55
0 0 14 43
1 0 14 55
0 1 14 55