0 0 0 43
0 0 1 43
0 0 2 43
0 0 3 43
0 0 4 43
0 0 5 43
0 0 6 43
0 0 7 43
0 0 8 43
0 0 9 43
0 0 10 43
3 0 10 26
1 1 10 26
2 2 10 26
0 3 10 26
0 0 11 43
1 0 11 43
2 0 11 43
3 0 11 26
0 1 11 43
1 1 11 26
2 1 11 26
0 2 11 43
1 2 11 26
0 3 11 26
0 0 12 43
1 0 12 43
2 0 12 26
0 1 12 43
1 1 12 26
0 2 12 26
0 0 13 26
1 0 13 26
0 1 13 26
0 -3 10 26
2 -2 10 26
1 -1 10 26
0 -3 11 26
0 -2 11 43
1 -2 11 26
0 -1 11 43
1 -1 11 26
2 -1 11 26
0 -2 12 26
0 -1 12 43
1 -1 12 26
0 -1 13 26
-3 0 10 26
-1 1 10 26
-2 2 10 26
-3 0 11 26
-2 0 11 43
-1 0 11 43
-2 1 11 26
-1 1 11 26
-1 2 11 26
-2 0 12 26
-1 0 12 43
-1 1 12 26
-1 0 13 26
-2 -2 10 26
-1 -1 10 26
-1 -2 11 26
-2 -1 11 26
-1 -1 11 26
-1 -1 12 26